function cmap = ColorMap()
% Define the colormap used by CamVid dataset.

cmap = [
    0       0        0
   129   213    70
   244    81   113
    20   205   222
    15   137     9
   140    72     2
   251   124   252
   137   162    47
   174    83    78
   201    13   112
   221   220    32
    35    80   254
   159   190   168
   165   138   100
    92    81   171
   179   145    48
   209    40    35
    61   144   236
   193    26    71
    37   235    11
   199    36   112
   206    56   130
    89    85   192
    72   172   238
   237   215   226
   123    90    55
    66    30   181
    ];

% Normalize between [0 1].
cmap = cmap ./ 255;
end